{
    "w": 800,
    "h": 800,
    "fl_x": 1106.3120296925479,
    "fl_y": 1106.478943433278,
    "cx": 403.0916022427043,
    "cy": 402.58800068149634,
    "k1": -0.05645860090696464,
    "k2": 0.20541566433871192,
    "p1": 0.0008393130742329684,
    "p2": -2.2436928521872634e-05,
    "camera_model": "OPENCV",
    "frames": [
        {
            "file_path": "images/frame_00100.png",
            "transform_matrix": [
                [
                    -0.5124139797582407,
                    0.699359316886559,
                    -0.49832565580379956,
                    -3.181074114283826
                ],
                [
                    -0.3628500639236656,
                    -0.702281816980259,
                    -0.6124868003879738,
                    -0.38294193076717886
                ],
                [
                    -0.7783133973271389,
                    -0.13302930287298156,
                    0.6136215935886018,
                    1.46217230148529
                ],
                [
                    0.0,
                    0.0,
                    0.0,
                    1.0
                ]
            ],
            "colmap_im_id": 100
        },
        {
            "file_path": "images/frame_00099.png",
            "transform_matrix": [
                [
                    -0.9858460927335442,
                    -0.05997800219057154,
                    0.15655708446196842,
                    -0.20564668430494606
                ],
                [
                    0.06757696961454042,
                    -0.9967578589155089,
                    0.04367062935069668,
                    2.608368458222843
                ],
                [
                    0.1534302272035064,
                    0.05363217265222661,
                    0.9867029722448808,
                    3.170236632010566
                ],
                [
                    0.0,
                    0.0,
                    0.0,
                    1.0
                ]
            ],
            "colmap_im_id": 99
        },
        {
            "file_path": "images/frame_00098.png",
            "transform_matrix": [
                [
                    0.16712357532260147,
                    -0.4852132414313815,
                    0.8582760749962929,
                    3.003932427224492
                ],
                [
                    0.4160011649724257,
                    -0.7545321643237292,
                    -0.5075669844882874,
                    0.10358675575423591
                ],
                [
                    0.893875126241342,
                    0.441870256229813,
                    0.07574916069781934,
                    -0.9685508713938109
                ],
                [
                    0.0,
                    0.0,
                    0.0,
                    1.0
                ]
            ],
            "colmap_im_id": 98
        },
        {
            "file_path": "images/frame_00097.png",
            "transform_matrix": [
                [
                    0.5843203386197775,
                    -0.40095409140231186,
                    0.7055533703859795,
                    2.312052937694832
                ],
                [
                    0.34211731866445,
                    -0.6666755889287214,
                    -0.6621928717499079,
                    -0.598589873004381
                ],
                [
                    0.7358841499482891,
                    0.6283147903036258,
                    -0.2523787672142702,
                    -2.462819968512702
                ],
                [
                    0.0,
                    0.0,
                    0.0,
                    1.0
                ]
            ],
            "colmap_im_id": 97
        },
        {
            "file_path": "images/frame_00096.png",
            "transform_matrix": [
                [
                    -0.5265185792969547,
                    0.10483448513609525,
                    -0.8436752434327836,
                    -4.740162835344708
                ],
                [
                    -0.35538598057870524,
                    -0.9286445921572671,
                    0.10639561205790002,
                    2.884813431368818
                ],
                [
                    -0.7723205231399906,
                    0.35584962018149296,
                    0.5262053376329989,
                    1.0580462601346856
                ],
                [
                    0.0,
                    0.0,
                    0.0,
                    1.0
                ]
            ],
            "colmap_im_id": 96
        },
        {
            "file_path": "images/frame_00095.png",
            "transform_matrix": [
                [
                    0.5485006184838319,
                    -0.4603207052338714,
                    0.6980343257002803,
                    2.2784567363188315
                ],
                [
                    0.3521913687606726,
                    -0.6299634875318963,
                    -0.6921757321281455,
                    -0.7353757580385959
                ],
                [
                    0.7583589593941232,
                    0.625500481782102,
                    -0.18341438328828152,
                    -2.1494605914478773
                ],
                [
                    0.0,
                    0.0,
                    0.0,
                    1.0
                ]
            ],
            "colmap_im_id": 95
        },
        {
            "file_path": "images/frame_00094.png",
            "transform_matrix": [
                [
                    -0.4051467992483634,
                    -0.7800936217138059,
                    0.4767703980117085,
                    1.2656367585716919
                ],
                [
                    0.38543713564334553,
                    -0.6186188568441883,
                    -0.6846524113912422,
                    -0.7028606845373955
                ],
                [
                    0.8290321378124367,
                    -0.09361971650366466,
                    0.5513085008921176,
                    1.1978002487262398
                ],
                [
                    0.0,
                    0.0,
                    0.0,
                    1.0
                ]
            ],
            "colmap_im_id": 94
        },
        {
            "file_path": "images/frame_00093.png",
            "transform_matrix": [
                [
                    -0.8013920091776576,
                    -0.4528736549259546,
                    0.39073814799710066,
                    0.8660578986736408
                ],
                [
                    0.2502770092153983,
                    -0.8472059049166984,
                    -0.4686187931917301,
                    0.2779475566971208
                ],
                [
                    0.5432607718990874,
                    -0.27775458114725177,
                    0.7922879062356829,
                    2.2926744719057806
                ],
                [
                    0.0,
                    0.0,
                    0.0,
                    1.0
                ]
            ],
            "colmap_im_id": 93
        },
        {
            "file_path": "images/frame_00092.png",
            "transform_matrix": [
                [
                    -0.9947824743062198,
                    0.09852793870997432,
                    -0.0264589135596614,
                    -1.0391401925281227
                ],
                [
                    -0.04555599935073995,
                    -0.661074789207663,
                    -0.7489357609282647,
                    -0.9984229204261931
                ],
                [
                    -0.09128241745456499,
                    -0.7438228071036854,
                    0.6621141532213636,
                    1.69737091302331
                ],
                [
                    0.0,
                    0.0,
                    0.0,
                    1.0
                ]
            ],
            "colmap_im_id": 92
        },
        {
            "file_path": "images/frame_00091.png",
            "transform_matrix": [
                [
                    -0.0025128773106203933,
                    -0.5174992554944671,
                    0.8556799670497689,
                    2.990390620929777
                ],
                [
                    0.4217577447733674,
                    -0.7764027288766328,
                    -0.46831528622990787,
                    0.281622426364055
                ],
                [
                    0.9067050734231635,
                    0.3597128342936763,
                    0.2202103237205412,
                    -0.311458228649198
                ],
                [
                    0.0,
                    0.0,
                    0.0,
                    1.0
                ]
            ],
            "colmap_im_id": 91
        },
        {
            "file_path": "images/frame_00090.png",
            "transform_matrix": [
                [
                    0.31325562236369425,
                    -0.4332233704011959,
                    0.8450966964766592,
                    2.9454876616444765
                ],
                [
                    0.4007481810623042,
                    -0.7464690406621495,
                    -0.5312107554522825,
                    -0.003923994695550057
                ],
                [
                    0.8609714341560869,
                    0.5050757197402764,
                    -0.060222146225891206,
                    -1.587558796034055
                ],
                [
                    0.0,
                    0.0,
                    0.0,
                    1.0
                ]
            ],
            "colmap_im_id": 90
        },
        {
            "file_path": "images/frame_00089.png",
            "transform_matrix": [
                [
                    -0.9843013615346825,
                    -0.03472755561896456,
                    0.173045735462338,
                    -0.1301662507767055
                ],
                [
                    0.0722727629010357,
                    -0.9737878443183864,
                    0.21567077224417905,
                    3.388800587689003
                ],
                [
                    0.16102011496586513,
                    0.22479152817328704,
                    0.9610105574018935,
                    3.053630851060016
                ],
                [
                    0.0,
                    0.0,
                    0.0,
                    1.0
                ]
            ],
            "colmap_im_id": 89
        },
        {
            "file_path": "images/frame_00088.png",
            "transform_matrix": [
                [
                    0.9998958917483026,
                    0.014096442644794852,
                    -0.003081553119524323,
                    -0.906574146415014
                ],
                [
                    -0.008576139479780878,
                    0.40883505291810085,
                    -0.9125679971032717,
                    -1.752520900834907
                ],
                [
                    -0.011604115497950918,
                    0.912499419073906,
                    0.4089133828737994,
                    0.5297951891641218
                ],
                [
                    0.0,
                    0.0,
                    0.0,
                    1.0
                ]
            ],
            "colmap_im_id": 88
        },
        {
            "file_path": "images/frame_00087.png",
            "transform_matrix": [
                [
                    -0.37045019233216736,
                    -0.7671743988578248,
                    0.5236507392701694,
                    1.479795887483046
                ],
                [
                    0.3904215429136886,
                    -0.6401483300467473,
                    -0.6616503112424686,
                    -0.5999585396489784
                ],
                [
                    0.8428153260530767,
                    -0.04066395548265746,
                    0.5366644844728871,
                    1.132747157085619
                ],
                [
                    0.0,
                    0.0,
                    0.0,
                    1.0
                ]
            ],
            "colmap_im_id": 87
        },
        {
            "file_path": "images/frame_00086.png",
            "transform_matrix": [
                [
                    -0.842118949306188,
                    0.4744880916246162,
                    -0.256313725980236,
                    -2.083946285075038
                ],
                [
                    -0.22769519947510328,
                    -0.7436660853822417,
                    -0.6285822536376966,
                    -0.4537244986656732
                ],
                [
                    -0.48886661918710966,
                    -0.4709796220206161,
                    0.7342939631277675,
                    2.018665860770288
                ],
                [
                    0.0,
                    0.0,
                    0.0,
                    1.0
                ]
            ],
            "colmap_im_id": 86
        },
        {
            "file_path": "images/frame_00085.png",
            "transform_matrix": [
                [
                    0.223058549743854,
                    -0.16268613084260028,
                    0.961133760835417,
                    3.4717203268837413
                ],
                [
                    0.4130541538053461,
                    -0.8773112183639545,
                    -0.24435894122561377,
                    1.2992557992916192
                ],
                [
                    0.882967241414039,
                    0.45150664332235235,
                    -0.12849358593122112,
                    -1.8969570966318694
                ],
                [
                    0.0,
                    0.0,
                    0.0,
                    1.0
                ]
            ],
            "colmap_im_id": 85
        },
        {
            "file_path": "images/frame_00084.png",
            "transform_matrix": [
                [
                    -0.9837843839589867,
                    0.13516997371574616,
                    -0.11788708192215662,
                    -1.4534227999046418
                ],
                [
                    -0.0766555857999417,
                    -0.9111071161540412,
                    -0.4049786958089699,
                    0.5668403493155005
                ],
                [
                    -0.162148718909847,
                    -0.38937501344995257,
                    0.9066944865039956,
                    2.8009475228734146
                ],
                [
                    0.0,
                    0.0,
                    0.0,
                    1.0
                ]
            ],
            "colmap_im_id": 84
        },
        {
            "file_path": "images/frame_00083.png",
            "transform_matrix": [
                [
                    0.1302994228733376,
                    -0.4776632002718304,
                    0.8688267534468241,
                    3.0520323719129774
                ],
                [
                    0.4182498082976926,
                    -0.768029209095159,
                    -0.4849724031690958,
                    0.2059673969463011
                ],
                [
                    0.8989377944317497,
                    0.42657824731546945,
                    0.0997087792495901,
                    -0.8595170224511375
                ],
                [
                    0.0,
                    0.0,
                    0.0,
                    1.0
                ]
            ],
            "colmap_im_id": 83
        },
        {
            "file_path": "images/frame_00082.png",
            "transform_matrix": [
                [
                    0.9688104687082757,
                    -0.23573426254090638,
                    0.07639131616581858,
                    -0.5434142131780149
                ],
                [
                    0.10345879522644319,
                    0.10466196765734076,
                    -0.9891117986438068,
                    -2.097138754467458
                ],
                [
                    0.22517227496195874,
                    0.96616521878527,
                    0.12578639273811493,
                    -0.7547850135320271
                ],
                [
                    0.0,
                    0.0,
                    0.0,
                    1.0
                ]
            ],
            "colmap_im_id": 82
        },
        {
            "file_path": "images/frame_00081.png",
            "transform_matrix": [
                [
                    0.9281474001209657,
                    -0.11784308891523515,
                    0.3530657304859933,
                    0.7153009695992436
                ],
                [
                    0.15734104249698205,
                    -0.7354252260530549,
                    -0.6590853762835102,
                    -0.5921044623450264
                ],
                [
                    0.3373221012543575,
                    0.667280108559913,
                    -0.6640414570835285,
                    -4.344744752977208
                ],
                [
                    0.0,
                    0.0,
                    0.0,
                    1.0
                ]
            ],
            "colmap_im_id": 81
        },
        {
            "file_path": "images/frame_00080.png",
            "transform_matrix": [
                [
                    -0.4655828099804418,
                    0.6476819539006173,
                    -0.6031092219840402,
                    -3.6558802622767277
                ],
                [
                    -0.3731561002288499,
                    -0.761603912578491,
                    -0.5298245041588114,
                    -0.007178104103502374
                ],
                [
                    -0.8024881132532196,
                    -0.02162329615513367,
                    0.5962761618165487,
                    1.3819740812428833
                ],
                [
                    0.0,
                    0.0,
                    0.0,
                    1.0
                ]
            ],
            "colmap_im_id": 80
        },
        {
            "file_path": "images/frame_00079.png",
            "transform_matrix": [
                [
                    -0.07855523012608488,
                    -0.3340430462507027,
                    0.9392786163175382,
                    3.369295937712724
                ],
                [
                    0.4209520397829464,
                    -0.8651877158464636,
                    -0.2724877915631377,
                    1.1716345270550466
                ],
                [
                    0.9036749725550748,
                    0.37398590829058,
                    0.2085811218151229,
                    -0.364394560578047
                ],
                [
                    0.0,
                    0.0,
                    0.0,
                    1.0
                ]
            ],
            "colmap_im_id": 79
        },
        {
            "file_path": "images/frame_00078.png",
            "transform_matrix": [
                [
                    0.9930351399605498,
                    0.10228929141445074,
                    -0.05846461892000107,
                    -1.1588797149904857
                ],
                [
                    -0.05134831778789169,
                    -0.07087344044271196,
                    -0.9961627907627181,
                    -2.128313539980627
                ],
                [
                    -0.10604037468759275,
                    0.9922267161801998,
                    -0.0651274338076667,
                    -1.62695706986843
                ],
                [
                    0.0,
                    0.0,
                    0.0,
                    1.0
                ]
            ],
            "colmap_im_id": 78
        },
        {
            "file_path": "images/frame_00077.png",
            "transform_matrix": [
                [
                    0.7278716658007368,
                    -0.16772777881697,
                    0.6648836216493725,
                    2.131422162391424
                ],
                [
                    0.29067852529426524,
                    -0.8027211375246025,
                    -0.5207156328592023,
                    0.04006641774254723
                ],
                [
                    0.6210546135866086,
                    0.5722815457310622,
                    -0.5355231081460948,
                    -3.754467450347176
                ],
                [
                    0.0,
                    0.0,
                    0.0,
                    1.0
                ]
            ],
            "colmap_im_id": 77
        },
        {
            "file_path": "images/frame_00076.png",
            "transform_matrix": [
                [
                    0.22558315481806468,
                    0.8800421905075141,
                    -0.41789709641138384,
                    -2.8092523238444658
                ],
                [
                    -0.4135947299523784,
                    -0.3018689718353596,
                    -0.8589613048319943,
                    -1.5080672811308484
                ],
                [
                    -0.8820723550922274,
                    0.36660723774879195,
                    0.2958842571213488,
                    0.011604139483797632
                ],
                [
                    0.0,
                    0.0,
                    0.0,
                    1.0
                ]
            ],
            "colmap_im_id": 76
        },
        {
            "file_path": "images/frame_00075.png",
            "transform_matrix": [
                [
                    -0.9885815975026465,
                    -0.056568216807223834,
                    0.13966553592911168,
                    -0.28230923954297715
                ],
                [
                    0.06040500759519952,
                    -0.997900021030602,
                    0.02338339334971744,
                    2.5158327688283406
                ],
                [
                    0.13804948437621545,
                    0.031552890111282206,
                    0.9899226005042446,
                    3.185543689385385
                ],
                [
                    0.0,
                    0.0,
                    0.0,
                    1.0
                ]
            ],
            "colmap_im_id": 75
        },
        {
            "file_path": "images/frame_00074.png",
            "transform_matrix": [
                [
                    0.9929564765452659,
                    -0.02040536742586107,
                    0.11670928269433468,
                    -0.35976522708121755
                ],
                [
                    0.05027759421497632,
                    -0.819394104825352,
                    -0.5710214221002694,
                    -0.19437243946944185
                ],
                [
                    0.10728280014412704,
                    0.5728672812769774,
                    -0.8125967504460989,
                    -5.027305225669389
                ],
                [
                    0.0,
                    0.0,
                    0.0,
                    1.0
                ]
            ],
            "colmap_im_id": 74
        },
        {
            "file_path": "images/frame_00073.png",
            "transform_matrix": [
                [
                    -0.6797779348191189,
                    -0.2313479558109856,
                    0.6959741968457821,
                    2.2076902650929
                ],
                [
                    0.27389558676114206,
                    -0.960368135709258,
                    -0.05171316531690233,
                    1.819965275755158
                ],
                [
                    0.680355177011113,
                    0.15547079229360686,
                    0.7162022520613678,
                    1.2446464132579287
                ],
                [
                    0.0,
                    0.0,
                    0.0,
                    1.0
                ]
            ],
            "colmap_im_id": 73
        },
        {
            "file_path": "images/frame_00072.png",
            "transform_matrix": [
                [
                    -0.7081147732890744,
                    0.38199753904564954,
                    -0.5938445486933676,
                    -3.6149763039650784
                ],
                [
                    -0.2969988819415027,
                    -0.9241425484576357,
                    -0.2403169038077086,
                    1.3102375553291639
                ],
                [
                    -0.6405974804627781,
                    0.006199217151659074,
                    0.76785183318883,
                    2.164446327066996
                ],
                [
                    0.0,
                    0.0,
                    0.0,
                    1.0
                ]
            ],
            "colmap_im_id": 72
        },
        {
            "file_path": "images/frame_00071.png",
            "transform_matrix": [
                [
                    -0.40448209597849416,
                    0.3180082839646475,
                    -0.8574759269872856,
                    -4.807442645539055
                ],
                [
                    -0.384231510637933,
                    -0.9099250655240746,
                    -0.1562130639988245,
                    1.6915523557434797
                ],
                [
                    -0.8299158874643481,
                    0.2662838832165193,
                    0.49023720102965945,
                    0.8964883352544306
                ],
                [
                    0.0,
                    0.0,
                    0.0,
                    1.0
                ]
            ],
            "colmap_im_id": 71
        },
        {
            "file_path": "images/frame_00070.png",
            "transform_matrix": [
                [
                    -0.9226641929827419,
                    -0.26067676051881183,
                    0.28414505716785465,
                    0.3778436557021192
                ],
                [
                    0.16074785353713572,
                    -0.9298203631181322,
                    -0.33105017733580505,
                    0.9024042159692626
                ],
                [
                    0.35050094803111287,
                    -0.2597724366754148,
                    0.8998151846757247,
                    2.7791240084531945
                ],
                [
                    0.0,
                    0.0,
                    0.0,
                    1.0
                ]
            ],
            "colmap_im_id": 70
        },
        {
            "file_path": "images/frame_00069.png",
            "transform_matrix": [
                [
                    -0.9815043831317805,
                    0.056757362557199584,
                    -0.18283256736329334,
                    -1.7451164900217215
                ],
                [
                    -0.07842492219942437,
                    -0.9904325521157972,
                    0.11354686824128167,
                    2.922661237668548
                ],
                [
                    -0.17463870553550506,
                    0.12578537874069218,
                    0.9765650828408434,
                    3.119826109612044
                ],
                [
                    0.0,
                    0.0,
                    0.0,
                    1.0
                ]
            ],
            "colmap_im_id": 69
        },
        {
            "file_path": "images/frame_00068.png",
            "transform_matrix": [
                [
                    -0.8676222251154444,
                    -0.49572712375459577,
                    0.03855247410634551,
                    -0.7356258755315424
                ],
                [
                    0.2076411084921942,
                    -0.43168004068965027,
                    -0.8778026614987646,
                    -1.582806446687157
                ],
                [
                    0.4517929221998255,
                    -0.7535960199232593,
                    0.4774685269271315,
                    0.8649151183183941
                ],
                [
                    0.0,
                    0.0,
                    0.0,
                    1.0
                ]
            ],
            "colmap_im_id": 68
        },
        {
            "file_path": "images/frame_00067.png",
            "transform_matrix": [
                [
                    -0.15048965152630447,
                    -0.15832000667604876,
                    0.9758522635468891,
                    3.5341592885779156
                ],
                [
                    0.4178668565854657,
                    -0.9047686389057137,
                    -0.08234682884048262,
                    2.036631574862993
                ],
                [
                    0.8959576747541556,
                    0.39538397228364963,
                    0.2023150007051601,
                    -0.3928041849775987
                ],
                [
                    0.0,
                    0.0,
                    0.0,
                    1.0
                ]
            ],
            "colmap_im_id": 67
        },
        {
            "file_path": "images/frame_00066.png",
            "transform_matrix": [
                [
                    -0.5911488925389811,
                    0.42084682769767373,
                    -0.6880631762176638,
                    -4.04249902358418
                ],
                [
                    -0.33937451174703837,
                    -0.9036735739554446,
                    -0.2611494064918631,
                    1.2146037370569907
                ],
                [
                    -0.731688408836982,
                    0.07913292204510956,
                    0.6770303191306926,
                    1.7499386345594783
                ],
                [
                    0.0,
                    0.0,
                    0.0,
                    1.0
                ]
            ],
            "colmap_im_id": 66
        },
        {
            "file_path": "images/frame_00065.png",
            "transform_matrix": [
                [
                    0.9971149301853639,
                    0.036920028455445286,
                    -0.06632290328601247,
                    -1.194229188544364
                ],
                [
                    -0.03284460513789207,
                    -0.5778623658970952,
                    -0.8154730639286302,
                    -1.3063258746363833
                ],
                [
                    -0.06843279853091358,
                    0.8152987167772685,
                    -0.5749825688719324,
                    -3.9443277278166127
                ],
                [
                    0.0,
                    0.0,
                    0.0,
                    1.0
                ]
            ],
            "colmap_im_id": 65
        },
        {
            "file_path": "images/frame_00064.png",
            "transform_matrix": [
                [
                    0.7662377604005871,
                    -0.5185896981031685,
                    0.37940007848912866,
                    0.8351508310674729
                ],
                [
                    0.2694092135580248,
                    -0.27676380022189867,
                    -0.9223993031961697,
                    -1.7877930584416013
                ],
                [
                    0.5833509837022126,
                    0.8089910530457042,
                    -0.07235403171671503,
                    -1.6493159929608903
                ],
                [
                    0.0,
                    0.0,
                    0.0,
                    1.0
                ]
            ],
            "colmap_im_id": 64
        },
        {
            "file_path": "images/frame_00063.png",
            "transform_matrix": [
                [
                    -0.9929885207903167,
                    0.02126327489841556,
                    -0.1162827189192451,
                    -1.4418407765577594
                ],
                [
                    -0.04740792708784867,
                    -0.9727491922094194,
                    0.2269614449750329,
                    3.439344202171682
                ],
                [
                    -0.1082879773007649,
                    0.23088283218229164,
                    0.9669368292580404,
                    3.0743843277881377
                ],
                [
                    0.0,
                    0.0,
                    0.0,
                    1.0
                ]
            ],
            "colmap_im_id": 63
        },
        {
            "file_path": "images/frame_00062.png",
            "transform_matrix": [
                [
                    0.991908618525557,
                    -0.021880286454307382,
                    0.12505417049982157,
                    -0.3217090210587392
                ],
                [
                    0.053770688282439055,
                    -0.8199130183391685,
                    -0.5699573277356709,
                    -0.18908576097231422
                ],
                [
                    0.11500437198799772,
                    0.5720698343931725,
                    -0.8121022712694593,
                    -5.023795799408095
                ],
                [
                    0.0,
                    0.0,
                    0.0,
                    1.0
                ]
            ],
            "colmap_im_id": 62
        },
        {
            "file_path": "images/frame_00061.png",
            "transform_matrix": [
                [
                    -0.8416300198683653,
                    0.1761481663797538,
                    -0.5105200614446262,
                    -3.234123231154499
                ],
                [
                    -0.2251770459966467,
                    -0.9736794230017286,
                    0.03526583586482451,
                    2.564858282358582
                ],
                [
                    -0.49087086653477263,
                    0.1446381854977146,
                    0.8591423558894823,
                    2.579266382041059
                ],
                [
                    0.0,
                    0.0,
                    0.0,
                    1.0
                ]
            ],
            "colmap_im_id": 61
        },
        {
            "file_path": "images/frame_00060.png",
            "transform_matrix": [
                [
                    0.33808449307049515,
                    -0.8979920586897375,
                    0.2816187814678436,
                    0.3885643040628535
                ],
                [
                    0.3958819860726201,
                    -0.13577726233373644,
                    -0.9082081193957438,
                    -1.7233276856553092
                ],
                [
                    0.8538011060243856,
                    0.4185388841712589,
                    0.3095946927649333,
                    0.09428169744902776
                ],
                [
                    0.0,
                    0.0,
                    0.0,
                    1.0
                ]
            ],
            "colmap_im_id": 60
        },
        {
            "file_path": "images/frame_00003.png",
            "transform_matrix": [
                [
                    -0.44963109515221733,
                    -0.19519536492998418,
                    0.8716252909261339,
                    3.0546533541040586
                ],
                [
                    0.376511112783382,
                    -0.9263177885837686,
                    -0.013218793587012848,
                    2.350015946284652
                ],
                [
                    0.8099822592025316,
                    0.32223302757961814,
                    0.4899945057998467,
                    0.9143914172019189
                ],
                [
                    0.0,
                    0.0,
                    0.0,
                    1.0
                ]
            ],
            "colmap_im_id": 29
        },
        {
            "file_path": "images/frame_00028.png",
            "transform_matrix": [
                [
                    -0.7955161946334868,
                    0.4783711286079243,
                    -0.37190731021349577,
                    -2.607269276698092
                ],
                [
                    -0.2556147151503727,
                    -0.8214319492390101,
                    -0.509814348727058,
                    0.08633404143775851
                ],
                [
                    -0.5493770121459856,
                    -0.31050058950633463,
                    0.7757411181842615,
                    2.2025848710466858
                ],
                [
                    0.0,
                    0.0,
                    0.0,
                    1.0
                ]
            ],
            "colmap_im_id": 28
        },
        {
            "file_path": "images/frame_00027.png",
            "transform_matrix": [
                [
                    0.08217379816531346,
                    -0.21257378347364922,
                    0.9736836516419409,
                    3.5282524273557274
                ],
                [
                    0.4214607155172398,
                    -0.8779152673266879,
                    -0.22723478754452783,
                    1.3776681193118778
                ],
                [
                    0.9031159018480313,
                    0.42904215407627305,
                    0.01744986689946046,
                    -1.2332530816873193
                ],
                [
                    0.0,
                    0.0,
                    0.0,
                    1.0
                ]
            ],
            "colmap_im_id": 27
        },
        {
            "file_path": "images/frame_00026.png",
            "transform_matrix": [
                [
                    0.2342334270214012,
                    -0.9197998867202752,
                    0.31480608325630965,
                    0.5385794331032383
                ],
                [
                    0.40832992110433614,
                    -0.20078654374444785,
                    -0.8904782082578359,
                    -1.6426117688908703
                ],
                [
                    0.8822705804891922,
                    0.33712450554732387,
                    0.3285508949352229,
                    0.18213035595892826
                ],
                [
                    0.0,
                    0.0,
                    0.0,
                    1.0
                ]
